1761050359157 1.13804 1
1761050359164 0.96495 2
1761050359171 0.94854 3
1761050359178 0.9494 4
1761050359184 0.89471 5
1761050359191 0.88708 6
1761050359197 0.83731 7
1761050359204 0.81983 8
1761050359210 0.823 9
1761050359217 0.81619 10
1761050359224 0.80763 11
1761050359230 0.80742 12
1761050359237 0.80638 13
1761050359244 0.78272 14
1761050359250 0.77087 15
1761050359257 0.77846 16
1761050359263 0.77054 17
1761050359270 0.77585 18
1761050359277 0.77186 19
1761050359284 0.77925 20
1761050359290 0.75595 21
1761050359297 0.74481 22
1761050359304 0.75323 23
1761050359311 0.73485 24
1761050359317 0.74515 25
1761050359324 0.74923 26
1761050359330 0.73495 27
1761050359337 0.72747 28
1761050359344 0.72908 29
1761050359350 0.71987 30
1761050359357 0.70471 31
1761050359364 0.73701 32
1761050359371 0.71379 33
1761050359377 0.7218 34
1761050359384 0.71671 35
1761050359391 0.70825 36
1761050359398 0.70011 37
1761050359404 0.70981 38
1761050359411 0.70071 39
1761050359418 0.70111 40
1761050359425 0.70632 41
