1761050359158 1.43839 1
1761050359165 0.71415 2
1761050359172 0.66244 3
1761050359178 0.64545 4
1761050359185 0.60136 5
1761050359191 0.57351 6
1761050359198 0.54103 7
1761050359204 0.51792 8
1761050359211 0.50769 9
1761050359217 0.49205 10
1761050359224 0.48691 11
1761050359231 0.47544 12
1761050359237 0.4729 13
1761050359244 0.46238 14
1761050359251 0.44906 15
1761050359257 0.44914 16
1761050359264 0.43927 17
1761050359271 0.43937 18
1761050359277 0.4283 19
1761050359284 0.43123 20
1761050359291 0.41561 21
1761050359297 0.40807 22
1761050359304 0.40844 23
1761050359311 0.39898 24
1761050359318 0.39998 25
1761050359324 0.40063 26
1761050359331 0.39479 27
1761050359338 0.39071 28
1761050359344 0.38707 29
1761050359351 0.38298 30
1761050359358 0.37574 31
1761050359364 0.38583 32
1761050359371 0.37589 33
1761050359378 0.37971 34
1761050359385 0.3753 35
1761050359391 0.37045 36
1761050359398 0.36597 37
1761050359405 0.36758 38
1761050359411 0.36192 39
1761050359418 0.36141 40
1761050359425 0.36358 41
