1761050359158 0.94878 1
1761050359165 0.89527 2
1761050359172 0.89094 3
1761050359179 0.88965 4
1761050359185 0.87995 5
1761050359192 0.8734 6
1761050359198 0.86161 7
1761050359205 0.85811 8
1761050359211 0.86143 9
1761050359218 0.85537 10
1761050359225 0.85684 11
1761050359231 0.8554 12
1761050359238 0.85206 13
1761050359245 0.84794 14
1761050359251 0.84815 15
1761050359258 0.84984 16
1761050359264 0.84583 17
1761050359271 0.8477 18
1761050359278 0.84481 19
1761050359285 0.84847 20
1761050359291 0.84411 21
1761050359298 0.84203 22
1761050359305 0.84149 23
1761050359311 0.8432 24
1761050359318 0.84229 25
1761050359325 0.84193 26
1761050359331 0.83945 27
1761050359338 0.83975 28
1761050359345 0.83838 29
1761050359351 0.83504 30
1761050359358 0.83228 31
1761050359365 0.83921 32
1761050359372 0.83351 33
1761050359378 0.83602 34
1761050359385 0.83725 35
1761050359392 0.83604 36
1761050359399 0.83469 37
1761050359405 0.83417 38
1761050359412 0.83174 39
1761050359419 0.83309 40
1761050359426 0.83371 41
