1761050359156 12.0335 1
1761050359164 23.8474 2
1761050359171 35.6883 3
1761050359177 47.616 4
1761050359184 60.035 5
1761050359190 71.9014 6
1761050359197 83.7507 7
1761050359203 95.5915 8
1761050359210 107.472 9
1761050359216 119.353 10
1761050359223 131.183 11
1761050359230 143.012 12
1761050359237 154.77 13
1761050359243 166.591 14
1761050359250 178.361 15
1761050359256 190.115 16
1761050359263 201.905 17
1761050359270 213.633 18
1761050359276 225.424 19
1761050359283 237.161 20
1761050359290 248.906 21
1761050359297 260.651 22
1761050359303 272.375 23
1761050359310 284.087 24
1761050359317 295.855 25
1761050359323 307.765 26
1761050359330 319.499 27
1761050359337 331.211 28
1761050359343 342.932 29
1761050359350 354.65 30
1761050359357 366.381 31
1761050359363 378.115 32
1761050359370 389.889 33
1761050359377 401.593 34
1761050359384 413.995 35
1761050359390 427.02 36
1761050359397 439.566 37
1761050359404 452.555 38
1761050359410 464.885 39
1761050359417 476.703 40
1761050359424 489.631 41
