1761050359162 0.000661333 1
1761050359169 0.00131485 2
1761050359176 0.00195517 3
1761050359182 0.0019406 4
1761050359189 0.0019208 5
1761050359195 0.001901 6
1761050359202 0.0018812 7
1761050359208 0.0018614 8
1761050359215 0.0018416 9
1761050359222 0.0018218 10
1761050359228 0.001802 11
1761050359235 0.0017822 12
1761050359242 0.0017624 13
1761050359248 0.0017426 14
1761050359255 0.0017228 15
1761050359261 0.001703 16
1761050359268 0.0016832 17
1761050359275 0.0016634 18
1761050359282 0.0016436 19
1761050359288 0.0016238 20
1761050359295 0.001604 21
1761050359302 0.0015842 22
1761050359309 0.0015644 23
1761050359315 0.0015446 24
1761050359322 0.0015248 25
1761050359329 0.001505 26
1761050359335 0.0014852 27
1761050359342 0.0014654 28
1761050359348 0.0014456 29
1761050359355 0.0014258 30
1761050359362 0.001406 31
1761050359369 0.0013862 32
1761050359375 0.0013664 33
1761050359382 0.0013466 34
1761050359389 0.0013268 35
1761050359396 0.001307 36
1761050359402 0.0012872 37
1761050359409 0.0012674 38
1761050359416 0.0012476 39
1761050359423 0.0012278 40
1761050359429 0.001208 41
