1761050359163 0.000661333 1
1761050359170 0.00131485 2
1761050359177 0.00195517 3
1761050359183 0.0019406 4
1761050359190 0.0019208 5
1761050359196 0.001901 6
1761050359203 0.0018812 7
1761050359209 0.0018614 8
1761050359216 0.0018416 9
1761050359223 0.0018218 10
1761050359229 0.001802 11
1761050359236 0.0017822 12
1761050359243 0.0017624 13
1761050359249 0.0017426 14
1761050359256 0.0017228 15
1761050359262 0.001703 16
1761050359269 0.0016832 17
1761050359276 0.0016634 18
1761050359283 0.0016436 19
1761050359289 0.0016238 20
1761050359296 0.001604 21
1761050359303 0.0015842 22
1761050359309 0.0015644 23
1761050359316 0.0015446 24
1761050359323 0.0015248 25
1761050359329 0.001505 26
1761050359336 0.0014852 27
1761050359343 0.0014654 28
1761050359349 0.0014456 29
1761050359356 0.0014258 30
1761050359363 0.001406 31
1761050359370 0.0013862 32
1761050359376 0.0013664 33
1761050359383 0.0013466 34
1761050359390 0.0013268 35
1761050359397 0.001307 36
1761050359403 0.0012872 37
1761050359410 0.0012674 38
1761050359417 0.0012476 39
1761050359424 0.0012278 40
1761050359430 0.001208 41
