1761050359160 0.70773 1
1761050359167 0.77158 2
1761050359174 0.73841 3
1761050359181 0.77456 4
1761050359187 0.76766 5
1761050359194 0.78188 6
1761050359200 0.78574 7
1761050359206 0.78828 8
1761050359213 0.79042 9
1761050359220 0.79379 10
1761050359227 0.79882 11
1761050359233 0.79087 12
1761050359240 0.79312 13
1761050359246 0.80142 14
1761050359253 0.79864 15
1761050359259 0.79968 16
1761050359266 0.80339 17
1761050359273 0.80248 18
1761050359280 0.79241 19
1761050359286 0.80054 20
1761050359293 0.81722 21
1761050359300 0.8169 22
1761050359307 0.81892 23
1761050359313 0.8251 24
1761050359320 0.81996 25
1761050359327 0.82266 26
1761050359333 0.82142 27
1761050359340 0.81496 28
1761050359347 0.82575 29
1761050359353 0.82838 30
1761050359360 0.82977 31
1761050359367 0.82547 32
1761050359374 0.83273 33
1761050359380 0.83141 34
1761050359387 0.83763 35
1761050359394 0.83104 36
1761050359400 0.83567 37
1761050359407 0.83093 38
1761050359414 0.83613 39
1761050359421 0.82336 40
1761050359427 0.82884 41
