1761050359160 0.98673 1
1761050359167 0.99256 2
1761050359173 0.9926 3
1761050359180 0.99374 4
1761050359187 0.99156 5
1761050359193 0.99402 6
1761050359199 0.99447 7
1761050359206 0.99423 8
1761050359213 0.99445 9
1761050359219 0.99433 10
1761050359226 0.99437 11
1761050359233 0.99431 12
1761050359239 0.99446 13
1761050359246 0.99436 14
1761050359252 0.99459 15
1761050359259 0.99439 16
1761050359266 0.99458 17
1761050359273 0.99459 18
1761050359279 0.9947 19
1761050359286 0.99465 20
1761050359293 0.9946 21
1761050359300 0.99457 22
1761050359306 0.99457 23
1761050359313 0.99466 24
1761050359320 0.9945 25
1761050359326 0.99459 26
1761050359333 0.99459 27
1761050359339 0.99463 28
1761050359346 0.99453 29
1761050359353 0.99458 30
1761050359360 0.99472 31
1761050359366 0.99458 32
1761050359373 0.99473 33
1761050359380 0.99463 34
1761050359386 0.99477 35
1761050359393 0.99474 36
1761050359400 0.99466 37
1761050359407 0.99464 38
1761050359413 0.99476 39
1761050359420 0.99473 40
1761050359427 0.99474 41
