1761050359159 0.96668 1
1761050359166 0.98793 2
1761050359173 0.98432 3
1761050359179 0.98996 4
1761050359186 0.98729 5
1761050359192 0.98942 6
1761050359198 0.99369 7
1761050359205 0.99071 8
1761050359212 0.98954 9
1761050359218 0.99142 10
1761050359225 0.99193 11
1761050359232 0.99002 12
1761050359238 0.99074 13
1761050359245 0.99275 14
1761050359252 0.99452 15
1761050359258 0.9905 16
1761050359265 0.98895 17
1761050359272 0.99086 18
1761050359278 0.99302 19
1761050359285 0.99251 20
1761050359292 0.99358 21
1761050359298 0.99039 22
1761050359305 0.99065 23
1761050359312 0.99278 24
1761050359319 0.99207 25
1761050359325 0.9917 26
1761050359332 0.99058 27
1761050359339 0.99195 28
1761050359345 0.99294 29
1761050359352 0.991 30
1761050359359 0.99125 31
1761050359365 0.99048 32
1761050359372 0.99184 33
1761050359379 0.99105 34
1761050359385 0.9941 35
1761050359392 0.99148 36
1761050359399 0.99236 37
1761050359406 0.99007 38
1761050359412 0.99326 39
1761050359419 0.99315 40
1761050359426 0.99247 41
