1761050359159 0.95347 1
1761050359166 0.97026 2
1761050359173 0.97541 3
1761050359180 0.97769 4
1761050359186 0.98057 5
1761050359193 0.98489 6
1761050359199 0.98191 7
1761050359205 0.98573 8
1761050359212 0.98674 9
1761050359219 0.98765 10
1761050359226 0.98707 11
1761050359232 0.98738 12
1761050359239 0.98796 13
1761050359245 0.98554 14
1761050359252 0.98741 15
1761050359259 0.98885 16
1761050359265 0.9879 17
1761050359272 0.98981 18
1761050359279 0.98825 19
1761050359285 0.98885 20
1761050359292 0.98825 21
1761050359299 0.99112 22
1761050359306 0.99041 23
1761050359312 0.98882 24
1761050359319 0.99048 25
1761050359326 0.98879 26
1761050359332 0.99017 27
1761050359339 0.98993 28
1761050359346 0.98849 29
1761050359352 0.98997 30
1761050359359 0.99017 31
1761050359366 0.99101 32
1761050359373 0.99083 33
1761050359379 0.99124 34
1761050359386 0.98813 35
1761050359393 0.99039 36
1761050359399 0.9916 37
1761050359406 0.99286 38
1761050359413 0.99031 39
1761050359420 0.99049 40
1761050359427 0.98993 41
